PCBNEW-BOARD Version 1 date jeu. 22 avril 2010 17:44:35 CEST

$GENERAL
LayerCount 3
Di 52924 30674 82326 52826
$EndGENERAL

$SETUP
InternalUnit 0.000100 INCH
Layers 3
$EndSETUP

$EQUIPOT
Na 0 ""
St ~
$EndEQUIPOT
$NCLASS
Name "Default"
Desc "Ceci est la Netclass par défaut"
Clearance 100
TrackWidth 80
ViaDia 350
ViaDrill 250
uViaDia 200
uViaDrill 50
AddNet ""
$EndNCLASS
$TRACK
Po 0 69989 41037 69989 40461 100 -1
De 1 0 11 0 0
Po 0 69989 40461 70150 40300 100 -1
De 1 0 11 0 0
Po 0 70450 43100 70006 43100 100 -1
De 1 0 11 0 0
Po 0 70006 43100 69989 43083 100 -1
De 1 0 11 0 0
Po 0 70700 43350 70450 43100 100 -1
De 1 0 11 0 0
Po 0 70877 42827 70850 42800 100 -1
De 1 0 11 0 0
Po 0 69989 42827 70877 42827 100 -1
De 1 0 11 0 0
Po 0 71143 41293 69989 41293 100 -1
De 1 0 11 0 0
Po 0 71143 41293 71250 41400 100 -1
De 1 0 11 0 0
Po 0 67048 44300 67111 44363 100 -1
De 1 0 11 0 0
Po 0 66050 44300 67048 44300 100 -1
De 1 0 11 0 0
Po 0 67072 43300 67111 43339 100 -1
De 1 0 11 0 0
Po 0 65850 43300 67072 43300 100 -1
De 1 0 11 0 0
Po 0 68250 43600 68250 43700 100 -1
De 1 0 11 0 0
Po 0 68150 43600 68250 43600 100 -1
De 1 0 11 0 0
Po 0 68145 43595 68150 43600 100 -1
De 1 0 11 0 0
Po 0 67111 43595 68145 43595 100 -1
De 1 0 11 0 0
Po 0 66457 44107 66150 43800 100 -1
De 1 0 11 0 0
Po 0 67111 44107 66457 44107 100 -1
De 1 0 11 0 0
Po 0 67106 41800 67111 41805 100 -1
De 1 0 11 0 0
Po 0 66250 41800 67106 41800 100 -1
De 1 0 11 0 0
Po 0 66499 41549 66250 41300 100 -1
De 1 0 11 0 0
Po 0 66250 41300 65750 41300 100 -1
De 1 0 11 0 0
Po 0 67111 41549 66499 41549 100 -1
De 1 0 11 0 0
Po 0 67111 41037 66587 41037 100 -1
De 1 0 11 0 0
Po 0 66587 41037 66350 40800 100 -1
De 1 0 11 0 0
Po 0 67657 41293 67111 41293 100 -1
De 1 0 11 0 0
Po 0 67657 41293 67950 41000 100 -1
De 1 0 11 0 0
Po 0 71033 42317 71050 42300 100 -1
De 1 0 11 0 0
Po 0 69989 42317 71033 42317 100 -1
De 1 0 11 0 0
Po 0 70499 41549 69989 41549 100 -1
De 1 0 11 0 0
Po 0 70499 41549 70750 41800 100 -1
De 1 0 11 0 0
Po 0 60036 45143 59893 44543 100 -1
De 1 0 11 0 0
Po 0 60150 44714 60036 45143 100 -1
De 1 0 11 0 0
Po 0 60264 45143 60150 44714 100 -1
De 1 0 11 0 0
Po 0 60407 44543 60264 45143 100 -1
De 1 0 11 0 0
Po 0 60722 44857 60950 44857 100 -1
De 1 0 11 0 0
Po 0 60664 44829 60722 44857 100 -1
De 1 0 11 0 0
Po 0 60636 44800 60664 44829 100 -1
De 1 0 11 0 0
Po 0 60607 44743 60636 44800 100 -1
De 1 0 11 0 0
Po 0 60607 44657 60607 44743 100 -1
De 1 0 11 0 0
Po 0 60636 44600 60607 44657 100 -1
De 1 0 11 0 0
Po 0 60664 44571 60636 44600 100 -1
De 1 0 11 0 0
Po 0 60722 44543 60664 44571 100 -1
De 1 0 11 0 0
Po 0 60950 44543 60722 44543 100 -1
De 1 0 11 0 0
Po 0 60950 45143 60950 44543 100 -1
De 1 0 11 0 0
Po 0 60121 43543 60521 44143 100 -1
De 1 0 11 0 0
Po 0 60521 43543 60121 44143 100 -1
De 1 0 11 0 0
Po 0 60835 44143 60835 43543 100 -1
De 1 0 11 0 0
Po 0 61007 43543 60664 43543 100 -1
De 1 0 11 0 0
Po 0 60049 42443 60449 43043 100 -1
De 1 0 11 0 0
Po 0 60449 42443 60049 43043 100 -1
De 1 0 11 0 0
Po 0 60764 42757 60992 42757 100 -1
De 1 0 11 0 0
Po 0 60706 42729 60764 42757 100 -1
De 1 0 11 0 0
Po 0 60678 42700 60706 42729 100 -1
De 1 0 11 0 0
Po 0 60649 42643 60678 42700 100 -1
De 1 0 11 0 0
Po 0 60649 42557 60649 42643 100 -1
De 1 0 11 0 0
Po 0 60678 42500 60649 42557 100 -1
De 1 0 11 0 0
Po 0 60706 42471 60678 42500 100 -1
De 1 0 11 0 0
Po 0 60764 42443 60706 42471 100 -1
De 1 0 11 0 0
Po 0 60992 42443 60764 42443 100 -1
De 1 0 11 0 0
Po 0 60992 43043 60992 42443 100 -1
De 1 0 11 0 0
Po 0 60649 43043 60849 42757 100 -1
De 1 0 11 0 0
Po 0 59750 41757 59978 41757 100 -1
De 1 0 11 0 0
Po 0 59692 41729 59750 41757 100 -1
De 1 0 11 0 0
Po 0 59664 41700 59692 41729 100 -1
De 1 0 11 0 0
Po 0 59635 41643 59664 41700 100 -1
De 1 0 11 0 0
Po 0 59635 41557 59635 41643 100 -1
De 1 0 11 0 0
Po 0 59664 41500 59635 41557 100 -1
De 1 0 11 0 0
Po 0 59692 41471 59664 41500 100 -1
De 1 0 11 0 0
Po 0 59750 41443 59692 41471 100 -1
De 1 0 11 0 0
Po 0 59978 41443 59750 41443 100 -1
De 1 0 11 0 0
Po 0 59978 42043 59978 41443 100 -1
De 1 0 11 0 0
Po 0 59635 42043 59835 41757 100 -1
De 1 0 11 0 0
Po 0 60349 42043 60349 41443 100 -1
De 1 0 11 0 0
Po 0 60521 41443 60178 41443 100 -1
De 1 0 11 0 0
Po 0 60892 42043 61035 42043 100 -1
De 1 0 11 0 0
Po 0 60807 42014 60892 42043 100 -1
De 1 0 11 0 0
Po 0 60749 41957 60807 42014 100 -1
De 1 0 11 0 0
Po 0 60721 41900 60749 41957 100 -1
De 1 0 11 0 0
Po 0 60692 41786 60721 41900 100 -1
De 1 0 11 0 0
Po 0 60692 41700 60692 41786 100 -1
De 1 0 11 0 0
Po 0 60721 41586 60692 41700 100 -1
De 1 0 11 0 0
Po 0 60749 41529 60721 41586 100 -1
De 1 0 11 0 0
Po 0 60807 41471 60749 41529 100 -1
De 1 0 11 0 0
Po 0 60892 41443 60807 41471 100 -1
De 1 0 11 0 0
Po 0 61035 41443 60892 41443 100 -1
De 1 0 11 0 0
Po 0 61035 42043 61035 41443 100 -1
De 1 0 11 0 0
Po 0 59736 40443 59650 40471 100 -1
De 1 0 11 0 0
Po 0 59878 40443 59736 40443 100 -1
De 1 0 11 0 0
Po 0 59936 40471 59878 40443 100 -1
De 1 0 11 0 0
Po 0 59964 40500 59936 40471 100 -1
De 1 0 11 0 0
Po 0 59993 40557 59964 40500 100 -1
De 1 0 11 0 0
Po 0 59993 40614 59993 40557 100 -1
De 1 0 11 0 0
Po 0 59964 40671 59993 40614 100 -1
De 1 0 11 0 0
Po 0 59936 40700 59964 40671 100 -1
De 1 0 11 0 0
Po 0 59878 40729 59936 40700 100 -1
De 1 0 11 0 0
Po 0 59764 40757 59878 40729 100 -1
De 1 0 11 0 0
Po 0 59707 40786 59764 40757 100 -1
De 1 0 11 0 0
Po 0 59678 40814 59707 40786 100 -1
De 1 0 11 0 0
Po 0 59650 40871 59678 40814 100 -1
De 1 0 11 0 0
Po 0 59650 40929 59650 40871 100 -1
De 1 0 11 0 0
Po 0 59678 40986 59650 40929 100 -1
De 1 0 11 0 0
Po 0 59707 41014 59678 40986 100 -1
De 1 0 11 0 0
Po 0 59764 41043 59707 41014 100 -1
De 1 0 11 0 0
Po 0 59907 41043 59764 41043 100 -1
De 1 0 11 0 0
Po 0 59993 41014 59907 41043 100 -1
De 1 0 11 0 0
Po 0 60335 41043 60335 40443 100 -1
De 1 0 11 0 0
Po 0 60507 40443 60164 40443 100 -1
De 1 0 11 0 0
Po 0 60707 40471 60678 40500 100 -1
De 1 0 11 0 0
Po 0 60793 40443 60707 40471 100 -1
De 1 0 11 0 0
Po 0 60850 40443 60793 40443 100 -1
De 1 0 11 0 0
Po 0 60935 40471 60850 40443 100 -1
De 1 0 11 0 0
Po 0 60993 40529 60935 40471 100 -1
De 1 0 11 0 0
Po 0 61021 40586 60993 40529 100 -1
De 1 0 11 0 0
Po 0 61050 40700 61021 40586 100 -1
De 1 0 11 0 0
Po 0 61050 40786 61050 40700 100 -1
De 1 0 11 0 0
Po 0 61021 40900 61050 40786 100 -1
De 1 0 11 0 0
Po 0 60993 40957 61021 40900 100 -1
De 1 0 11 0 0
Po 0 60935 41014 60993 40957 100 -1
De 1 0 11 0 0
Po 0 60850 41043 60935 41014 100 -1
De 1 0 11 0 0
Po 0 60793 41043 60850 41043 100 -1
De 1 0 11 0 0
Po 0 60707 41014 60793 41043 100 -1
De 1 0 11 0 0
Po 0 60678 40986 60707 41014 100 -1
De 1 0 11 0 0
Po 0 65149 37571 65092 37543 100 -1
De 1 0 11 0 0
Po 0 65206 37629 65149 37571 100 -1
De 1 0 11 0 0
Po 0 65235 37743 65206 37629 100 -1
De 1 0 11 0 0
Po 0 65235 37943 65235 37743 100 -1
De 1 0 11 0 0
Po 0 65206 38057 65235 37943 100 -1
De 1 0 11 0 0
Po 0 65149 38114 65206 38057 100 -1
De 1 0 11 0 0
Po 0 65092 38143 65149 38114 100 -1
De 1 0 11 0 0
Po 0 64978 38143 65092 38143 100 -1
De 1 0 11 0 0
Po 0 64920 38114 64978 38143 100 -1
De 1 0 11 0 0
Po 0 64863 38057 64920 38114 100 -1
De 1 0 11 0 0
Po 0 64835 37943 64863 38057 100 -1
De 1 0 11 0 0
Po 0 64835 37743 64835 37943 100 -1
De 1 0 11 0 0
Po 0 64863 37629 64835 37743 100 -1
De 1 0 11 0 0
Po 0 64920 37571 64863 37629 100 -1
De 1 0 11 0 0
Po 0 64978 37543 64920 37571 100 -1
De 1 0 11 0 0
Po 0 65092 37543 64978 37543 100 -1
De 1 0 11 0 0
Po 0 65407 37514 65921 38286 100 -1
De 1 0 11 0 0
Po 0 66121 38143 66121 37543 100 -1
De 1 0 11 0 0
Po 0 66921 37743 66864 37771 100 -1
De 1 0 11 0 0
Po 0 67035 37743 66921 37743 100 -1
De 1 0 11 0 0
Po 0 67093 37771 67035 37743 100 -1
De 1 0 11 0 0
Po 0 67121 37800 67093 37771 100 -1
De 1 0 11 0 0
Po 0 67150 37857 67121 37800 100 -1
De 1 0 11 0 0
Po 0 67150 38029 67150 37857 100 -1
De 1 0 11 0 0
Po 0 67121 38086 67150 38029 100 -1
De 1 0 11 0 0
Po 0 67093 38114 67121 38086 100 -1
De 1 0 11 0 0
Po 0 67035 38143 67093 38114 100 -1
De 1 0 11 0 0
Po 0 66921 38143 67035 38143 100 -1
De 1 0 11 0 0
Po 0 66864 38114 66921 38143 100 -1
De 1 0 11 0 0
Po 0 67064 38343 67121 38314 100 -1
De 1 0 11 0 0
Po 0 66978 38343 67064 38343 100 -1
De 1 0 11 0 0
Po 0 66921 38314 66978 38343 100 -1
De 1 0 11 0 0
Po 0 66893 38286 66921 38314 100 -1
De 1 0 11 0 0
Po 0 66864 38229 66893 38286 100 -1
De 1 0 11 0 0
Po 0 66864 37743 66864 38229 100 -1
De 1 0 11 0 0
Po 0 67407 37829 67407 38143 100 -1
De 1 0 11 0 0
Po 0 67436 37771 67407 37829 100 -1
De 1 0 11 0 0
Po 0 67493 37743 67436 37771 100 -1
De 1 0 11 0 0
Po 0 67578 37743 67493 37743 100 -1
De 1 0 11 0 0
Po 0 67636 37771 67578 37743 100 -1
De 1 0 11 0 0
Po 0 67664 37800 67636 37771 100 -1
De 1 0 11 0 0
Po 0 67664 37743 67664 38143 100 -1
De 1 0 11 0 0
Po 0 68007 37914 67950 37886 100 -1
De 1 0 11 0 0
Po 0 68150 37914 68007 37914 100 -1
De 1 0 11 0 0
Po 0 68207 37943 68150 37914 100 -1
De 1 0 11 0 0
Po 0 68236 38000 68207 37943 100 -1
De 1 0 11 0 0
Po 0 68236 38057 68236 38000 100 -1
De 1 0 11 0 0
Po 0 68207 38114 68236 38057 100 -1
De 1 0 11 0 0
Po 0 68150 38143 68207 38114 100 -1
De 1 0 11 0 0
Po 0 68007 38143 68150 38143 100 -1
De 1 0 11 0 0
Po 0 67950 38114 68007 38143 100 -1
De 1 0 11 0 0
Po 0 68150 37743 68207 37771 100 -1
De 1 0 11 0 0
Po 0 68036 37743 68150 37743 100 -1
De 1 0 11 0 0
Po 0 67979 37771 68036 37743 100 -1
De 1 0 11 0 0
Po 0 67950 37829 67979 37771 100 -1
De 1 0 11 0 0
Po 0 67950 38143 67950 37829 100 -1
De 1 0 11 0 0
Po 0 68607 37829 68807 37829 100 -1
De 1 0 11 0 0
Po 0 68550 37800 68607 37829 100 -1
De 1 0 11 0 0
Po 0 68521 37771 68550 37800 100 -1
De 1 0 11 0 0
Po 0 68493 37714 68521 37771 100 -1
De 1 0 11 0 0
Po 0 68493 37657 68493 37714 100 -1
De 1 0 11 0 0
Po 0 68521 37600 68493 37657 100 -1
De 1 0 11 0 0
Po 0 68550 37571 68521 37600 100 -1
De 1 0 11 0 0
Po 0 68607 37543 68550 37571 100 -1
De 1 0 11 0 0
Po 0 68807 37543 68607 37543 100 -1
De 1 0 11 0 0
Po 0 68807 38143 68807 37543 100 -1
De 1 0 11 0 0
Po 0 68579 38143 68807 38143 100 -1
De 1 0 11 0 0
Po 0 68521 38114 68579 38143 100 -1
De 1 0 11 0 0
Po 0 68493 38086 68521 38114 100 -1
De 1 0 11 0 0
Po 0 68464 38029 68493 38086 100 -1
De 1 0 11 0 0
Po 0 68464 37943 68464 38029 100 -1
De 1 0 11 0 0
Po 0 68493 37886 68464 37943 100 -1
De 1 0 11 0 0
Po 0 68521 37857 68493 37886 100 -1
De 1 0 11 0 0
Po 0 68607 37829 68521 37857 100 -1
De 1 0 11 0 0
Po 0 69064 38143 69007 38143 100 -1
De 1 0 11 0 0
Po 0 69122 38114 69064 38143 100 -1
De 1 0 11 0 0
Po 0 69150 38057 69122 38114 100 -1
De 1 0 11 0 0
Po 0 69150 37543 69150 38057 100 -1
De 1 0 11 0 0
Po 0 69236 37743 69007 37743 100 -1
De 1 0 11 0 0
Po 0 69436 37543 69436 37600 100 -1
De 1 0 11 0 0
Po 0 69408 37571 69436 37543 100 -1
De 1 0 11 0 0
Po 0 69436 37600 69408 37571 100 -1
De 1 0 11 0 0
Po 0 69465 37571 69436 37600 100 -1
De 1 0 11 0 0
Po 0 69436 37543 69465 37571 100 -1
De 1 0 11 0 0
Po 0 69436 38143 69436 37743 100 -1
De 1 0 11 0 0
Po 0 69836 37829 70036 37829 100 -1
De 1 0 11 0 0
Po 0 69779 37800 69836 37829 100 -1
De 1 0 11 0 0
Po 0 69750 37771 69779 37800 100 -1
De 1 0 11 0 0
Po 0 69722 37714 69750 37771 100 -1
De 1 0 11 0 0
Po 0 69722 37657 69722 37714 100 -1
De 1 0 11 0 0
Po 0 69750 37600 69722 37657 100 -1
De 1 0 11 0 0
Po 0 69779 37571 69750 37600 100 -1
De 1 0 11 0 0
Po 0 69836 37543 69779 37571 100 -1
De 1 0 11 0 0
Po 0 70036 37543 69836 37543 100 -1
De 1 0 11 0 0
Po 0 70036 38143 70036 37543 100 -1
De 1 0 11 0 0
Po 0 69808 38143 70036 38143 100 -1
De 1 0 11 0 0
Po 0 69750 38114 69808 38143 100 -1
De 1 0 11 0 0
Po 0 69722 38086 69750 38114 100 -1
De 1 0 11 0 0
Po 0 69693 38029 69722 38086 100 -1
De 1 0 11 0 0
Po 0 69693 37943 69693 38029 100 -1
De 1 0 11 0 0
Po 0 69722 37886 69693 37943 100 -1
De 1 0 11 0 0
Po 0 69750 37857 69722 37886 100 -1
De 1 0 11 0 0
Po 0 69836 37829 69750 37857 100 -1
De 1 0 11 0 0
Po 0 63764 37586 63821 37614 100 -1
De 1 0 11 0 0
Po 0 63706 37529 63764 37586 100 -1
De 1 0 11 0 0
Po 0 63649 37443 63706 37529 100 -1
De 1 0 11 0 0
Po 0 63649 38043 63649 37443 100 -1
De 1 0 11 0 0
Po 0 63478 38043 63821 38043 100 -1
De 1 0 11 0 0
Po 0 62849 38043 62478 38043 100 -1
De 1 0 11 0 0
Po 0 62506 37700 62849 38043 100 -1
De 1 0 11 0 0
Po 0 62478 37614 62506 37700 100 -1
De 1 0 11 0 0
Po 0 62478 37557 62478 37614 100 -1
De 1 0 11 0 0
Po 0 62506 37500 62478 37557 100 -1
De 1 0 11 0 0
Po 0 62535 37471 62506 37500 100 -1
De 1 0 11 0 0
Po 0 62592 37443 62535 37471 100 -1
De 1 0 11 0 0
Po 0 62735 37443 62592 37443 100 -1
De 1 0 11 0 0
Po 0 62792 37471 62735 37443 100 -1
De 1 0 11 0 0
Po 0 62821 37500 62792 37471 100 -1
De 1 0 11 0 0
Po 0 61821 38014 61849 37986 100 -1
De 1 0 11 0 0
Po 0 61764 38043 61821 38014 100 -1
De 1 0 11 0 0
Po 0 61592 38043 61764 38043 100 -1
De 1 0 11 0 0
Po 0 61535 38014 61592 38043 100 -1
De 1 0 11 0 0
Po 0 61506 37986 61535 38014 100 -1
De 1 0 11 0 0
Po 0 61478 37929 61506 37986 100 -1
De 1 0 11 0 0
Po 0 61478 37786 61478 37929 100 -1
De 1 0 11 0 0
Po 0 61506 37729 61478 37786 100 -1
De 1 0 11 0 0
Po 0 61535 37700 61506 37729 100 -1
De 1 0 11 0 0
Po 0 61592 37671 61535 37700 100 -1
De 1 0 11 0 0
Po 0 61678 37671 61592 37671 100 -1
De 1 0 11 0 0
Po 0 61478 37443 61678 37671 100 -1
De 1 0 11 0 0
Po 0 61849 37443 61478 37443 100 -1
De 1 0 11 0 0
Po 0 75950 37957 76150 37643 100 -1
De 1 0 11 0 0
Po 0 75750 37643 75950 37957 100 -1
De 1 0 11 0 0
Po 0 75950 37957 75950 38243 100 -1
De 1 0 11 0 0
Po 0 75464 38286 75579 38286 100 -1
De 1 0 11 0 0
Po 0 75464 38486 75464 38286 100 -1
De 1 0 11 0 0
Po 0 75493 38514 75464 38486 100 -1
De 1 0 11 0 0
Po 0 75579 38543 75493 38514 100 -1
De 1 0 11 0 0
Po 0 75636 38543 75579 38543 100 -1
De 1 0 11 0 0
Po 0 75721 38514 75636 38543 100 -1
De 1 0 11 0 0
Po 0 75779 38457 75721 38514 100 -1
De 1 0 11 0 0
Po 0 75807 38400 75779 38457 100 -1
De 1 0 11 0 0
Po 0 75836 38286 75807 38400 100 -1
De 1 0 11 0 0
Po 0 75836 38200 75836 38286 100 -1
De 1 0 11 0 0
Po 0 75807 38086 75836 38200 100 -1
De 1 0 11 0 0
Po 0 75779 38029 75807 38086 100 -1
De 1 0 11 0 0
Po 0 75721 37971 75779 38029 100 -1
De 1 0 11 0 0
Po 0 75636 37943 75721 37971 100 -1
De 1 0 11 0 0
Po 0 75550 37943 75636 37943 100 -1
De 1 0 11 0 0
Po 0 75493 37971 75550 37943 100 -1
De 1 0 11 0 0
Po 0 54061 45556 53642 45556 100 -1
De 1 0 11 0 0
Po 0 54137 45528 54061 45556 100 -1
De 1 0 11 0 0
Po 0 54176 45470 54137 45528 100 -1
De 1 0 11 0 0
Po 0 54176 45385 54176 45470 100 -1
De 1 0 11 0 0
Po 0 54137 45328 54176 45385 100 -1
De 1 0 11 0 0
Po 0 54061 45299 54137 45328 100 -1
De 1 0 11 0 0
Po 0 54061 45299 53642 45299 100 -1
De 1 0 11 0 0
Po 0 54137 45270 54061 45299 100 -1
De 1 0 11 0 0
Po 0 54176 45213 54137 45270 100 -1
De 1 0 11 0 0
Po 0 54176 45128 54176 45213 100 -1
De 1 0 11 0 0
Po 0 54137 45070 54176 45128 100 -1
De 1 0 11 0 0
Po 0 54099 45042 54137 45070 100 -1
De 1 0 11 0 0
Po 0 53642 45042 54176 45042 100 -1
De 1 0 11 0 0
Po 0 54061 44756 53642 44756 100 -1
De 1 0 11 0 0
Po 0 54137 44728 54061 44756 100 -1
De 1 0 11 0 0
Po 0 54176 44670 54137 44728 100 -1
De 1 0 11 0 0
Po 0 54176 44585 54176 44670 100 -1
De 1 0 11 0 0
Po 0 54137 44528 54176 44585 100 -1
De 1 0 11 0 0
Po 0 54061 44499 54137 44528 100 -1
De 1 0 11 0 0
Po 0 54061 44499 53642 44499 100 -1
De 1 0 11 0 0
Po 0 54137 44470 54061 44499 100 -1
De 1 0 11 0 0
Po 0 54176 44413 54137 44470 100 -1
De 1 0 11 0 0
Po 0 54176 44328 54176 44413 100 -1
De 1 0 11 0 0
Po 0 54137 44270 54176 44328 100 -1
De 1 0 11 0 0
Po 0 54099 44242 54137 44270 100 -1
De 1 0 11 0 0
Po 0 53642 44242 54176 44242 100 -1
De 1 0 11 0 0
Po 0 54404 43271 54442 43328 100 -1
De 1 0 11 0 0
Po 0 54366 43242 54404 43271 100 -1
De 1 0 11 0 0
Po 0 54290 43214 54366 43242 100 -1
De 1 0 11 0 0
Po 0 54137 43185 54290 43214 100 -1
De 1 0 11 0 0
Po 0 53947 43185 54137 43185 100 -1
De 1 0 11 0 0
Po 0 53795 43214 53947 43185 100 -1
De 1 0 11 0 0
Po 0 53718 43242 53795 43214 100 -1
De 1 0 11 0 0
Po 0 53680 43271 53718 43242 100 -1
De 1 0 11 0 0
Po 0 53642 43328 53680 43271 100 -1
De 1 0 11 0 0
Po 0 53642 43385 53642 43328 100 -1
De 1 0 11 0 0
Po 0 53680 43442 53642 43385 100 -1
De 1 0 11 0 0
Po 0 53718 43471 53680 43442 100 -1
De 1 0 11 0 0
Po 0 53795 43500 53718 43471 100 -1
De 1 0 11 0 0
Po 0 53947 43528 53795 43500 100 -1
De 1 0 11 0 0
Po 0 54137 43528 53947 43528 100 -1
De 1 0 11 0 0
Po 0 54290 43500 54137 43528 100 -1
De 1 0 11 0 0
Po 0 54366 43471 54290 43500 100 -1
De 1 0 11 0 0
Po 0 54404 43442 54366 43471 100 -1
De 1 0 11 0 0
Po 0 54442 43385 54404 43442 100 -1
De 1 0 11 0 0
Po 0 54442 43328 54442 43385 100 -1
De 1 0 11 0 0
Po 0 54061 42900 54099 42843 100 -1
De 1 0 11 0 0
Po 0 54023 42929 54061 42900 100 -1
De 1 0 11 0 0
Po 0 53947 42957 54023 42929 100 -1
De 1 0 11 0 0
Po 0 53795 42957 53947 42957 100 -1
De 1 0 11 0 0
Po 0 53718 42929 53795 42957 100 -1
De 1 0 11 0 0
Po 0 53680 42900 53718 42929 100 -1
De 1 0 11 0 0
Po 0 53642 42843 53680 42900 100 -1
De 1 0 11 0 0
Po 0 53642 42729 53642 42843 100 -1
De 1 0 11 0 0
Po 0 53680 42671 53642 42729 100 -1
De 1 0 11 0 0
Po 0 53718 42643 53680 42671 100 -1
De 1 0 11 0 0
Po 0 53795 42614 53718 42643 100 -1
De 1 0 11 0 0
Po 0 53947 42614 53795 42614 100 -1
De 1 0 11 0 0
Po 0 54023 42643 53947 42614 100 -1
De 1 0 11 0 0
Po 0 54061 42671 54023 42643 100 -1
De 1 0 11 0 0
Po 0 54099 42729 54061 42671 100 -1
De 1 0 11 0 0
Po 0 54099 42843 54099 42729 100 -1
De 1 0 11 0 0
Po 0 54137 42900 54099 42843 100 -1
De 1 0 11 0 0
Po 0 54176 42929 54137 42900 100 -1
De 1 0 11 0 0
Po 0 54252 42957 54176 42929 100 -1
De 1 0 11 0 0
Po 0 54290 42957 54252 42957 100 -1
De 1 0 11 0 0
Po 0 54366 42929 54290 42957 100 -1
De 1 0 11 0 0
Po 0 54404 42900 54366 42929 100 -1
De 1 0 11 0 0
Po 0 54442 42843 54404 42900 100 -1
De 1 0 11 0 0
Po 0 54442 42729 54442 42843 100 -1
De 1 0 11 0 0
Po 0 54404 42671 54442 42729 100 -1
De 1 0 11 0 0
Po 0 54366 42643 54404 42671 100 -1
De 1 0 11 0 0
Po 0 54290 42614 54366 42643 100 -1
De 1 0 11 0 0
Po 0 54252 42614 54290 42614 100 -1
De 1 0 11 0 0
Po 0 54176 42643 54252 42614 100 -1
De 1 0 11 0 0
Po 0 54137 42671 54176 42643 100 -1
De 1 0 11 0 0
Po 0 54099 42729 54137 42671 100 -1
De 1 0 11 0 0
Po 0 53909 42043 53909 42415 100 -1
De 1 0 11 0 0
Po 0 54480 42186 53909 42043 100 -1
De 1 0 11 0 0
Po 0 54176 42329 53642 42329 100 -1
De 1 0 11 0 0
Po 0 53566 41786 53528 41757 100 -1
De 1 0 11 0 0
Po 0 53642 41814 53566 41786 100 -1
De 1 0 11 0 0
Po 0 53680 41814 53642 41814 100 -1
De 1 0 11 0 0
Po 0 54404 41272 54442 41329 100 -1
De 1 0 11 0 0
Po 0 54366 41243 54404 41272 100 -1
De 1 0 11 0 0
Po 0 54290 41215 54366 41243 100 -1
De 1 0 11 0 0
Po 0 54137 41186 54290 41215 100 -1
De 1 0 11 0 0
Po 0 53947 41186 54137 41186 100 -1
De 1 0 11 0 0
Po 0 53795 41215 53947 41186 100 -1
De 1 0 11 0 0
Po 0 53718 41243 53795 41215 100 -1
De 1 0 11 0 0
Po 0 53680 41272 53718 41243 100 -1
De 1 0 11 0 0
Po 0 53642 41329 53680 41272 100 -1
De 1 0 11 0 0
Po 0 53642 41386 53642 41329 100 -1
De 1 0 11 0 0
Po 0 53680 41443 53642 41386 100 -1
De 1 0 11 0 0
Po 0 53718 41472 53680 41443 100 -1
De 1 0 11 0 0
Po 0 53795 41501 53718 41472 100 -1
De 1 0 11 0 0
Po 0 53947 41529 53795 41501 100 -1
De 1 0 11 0 0
Po 0 54137 41529 53947 41529 100 -1
De 1 0 11 0 0
Po 0 54290 41501 54137 41529 100 -1
De 1 0 11 0 0
Po 0 54366 41472 54290 41501 100 -1
De 1 0 11 0 0
Po 0 54404 41443 54366 41472 100 -1
De 1 0 11 0 0
Po 0 54442 41386 54404 41443 100 -1
De 1 0 11 0 0
Po 0 54442 41329 54442 41386 100 -1
De 1 0 11 0 0
Po 0 53680 40615 53718 40587 100 -1
De 1 0 11 0 0
Po 0 53642 40672 53680 40615 100 -1
De 1 0 11 0 0
Po 0 53642 40844 53642 40672 100 -1
De 1 0 11 0 0
Po 0 53680 40901 53642 40844 100 -1
De 1 0 11 0 0
Po 0 53718 40930 53680 40901 100 -1
De 1 0 11 0 0
Po 0 53795 40958 53718 40930 100 -1
De 1 0 11 0 0
Po 0 53985 40958 53795 40958 100 -1
De 1 0 11 0 0
Po 0 54061 40930 53985 40958 100 -1
De 1 0 11 0 0
Po 0 54099 40901 54061 40930 100 -1
De 1 0 11 0 0
Po 0 54137 40844 54099 40901 100 -1
De 1 0 11 0 0
Po 0 54137 40758 54137 40844 100 -1
De 1 0 11 0 0
Po 0 54442 40958 54137 40758 100 -1
De 1 0 11 0 0
Po 0 54442 40587 54442 40958 100 -1
De 1 0 11 0 0
Po 0 70456 31971 70456 32390 100 -1
De 1 0 11 0 0
Po 0 70428 31895 70456 31971 100 -1
De 1 0 11 0 0
Po 0 70370 31856 70428 31895 100 -1
De 1 0 11 0 0
Po 0 70285 31856 70370 31856 100 -1
De 1 0 11 0 0
Po 0 70228 31895 70285 31856 100 -1
De 1 0 11 0 0
Po 0 70199 31971 70228 31895 100 -1
De 1 0 11 0 0
Po 0 70199 31971 70199 32390 100 -1
De 1 0 11 0 0
Po 0 70170 31895 70199 31971 100 -1
De 1 0 11 0 0
Po 0 70113 31856 70170 31895 100 -1
De 1 0 11 0 0
Po 0 70028 31856 70113 31856 100 -1
De 1 0 11 0 0
Po 0 69970 31895 70028 31856 100 -1
De 1 0 11 0 0
Po 0 69942 31933 69970 31895 100 -1
De 1 0 11 0 0
Po 0 69942 32390 69942 31856 100 -1
De 1 0 11 0 0
Po 0 69656 31971 69656 32390 100 -1
De 1 0 11 0 0
Po 0 69628 31895 69656 31971 100 -1
De 1 0 11 0 0
Po 0 69570 31856 69628 31895 100 -1
De 1 0 11 0 0
Po 0 69485 31856 69570 31856 100 -1
De 1 0 11 0 0
Po 0 69428 31895 69485 31856 100 -1
De 1 0 11 0 0
Po 0 69399 31971 69428 31895 100 -1
De 1 0 11 0 0
Po 0 69399 31971 69399 32390 100 -1
De 1 0 11 0 0
Po 0 69370 31895 69399 31971 100 -1
De 1 0 11 0 0
Po 0 69313 31856 69370 31895 100 -1
De 1 0 11 0 0
Po 0 69228 31856 69313 31856 100 -1
De 1 0 11 0 0
Po 0 69170 31895 69228 31856 100 -1
De 1 0 11 0 0
Po 0 69142 31933 69170 31895 100 -1
De 1 0 11 0 0
Po 0 69142 32390 69142 31856 100 -1
De 1 0 11 0 0
Po 0 68171 31628 68228 31590 100 -1
De 1 0 11 0 0
Po 0 68142 31666 68171 31628 100 -1
De 1 0 11 0 0
Po 0 68114 31742 68142 31666 100 -1
De 1 0 11 0 0
Po 0 68085 31895 68114 31742 100 -1
De 1 0 11 0 0
Po 0 68085 32085 68085 31895 100 -1
De 1 0 11 0 0
Po 0 68114 32237 68085 32085 100 -1
De 1 0 11 0 0
Po 0 68142 32314 68114 32237 100 -1
De 1 0 11 0 0
Po 0 68171 32352 68142 32314 100 -1
De 1 0 11 0 0
Po 0 68228 32390 68171 32352 100 -1
De 1 0 11 0 0
Po 0 68285 32390 68228 32390 100 -1
De 1 0 11 0 0
Po 0 68342 32352 68285 32390 100 -1
De 1 0 11 0 0
Po 0 68371 32314 68342 32352 100 -1
De 1 0 11 0 0
Po 0 68400 32237 68371 32314 100 -1
De 1 0 11 0 0
Po 0 68428 32085 68400 32237 100 -1
De 1 0 11 0 0
Po 0 68428 31895 68428 32085 100 -1
De 1 0 11 0 0
Po 0 68400 31742 68428 31895 100 -1
De 1 0 11 0 0
Po 0 68371 31666 68400 31742 100 -1
De 1 0 11 0 0
Po 0 68342 31628 68371 31666 100 -1
De 1 0 11 0 0
Po 0 68285 31590 68342 31628 100 -1
De 1 0 11 0 0
Po 0 68228 31590 68285 31590 100 -1
De 1 0 11 0 0
Po 0 67486 32390 67857 32390 100 -1
De 1 0 11 0 0
Po 0 67829 31933 67486 32390 100 -1
De 1 0 11 0 0
Po 0 67857 31818 67829 31933 100 -1
De 1 0 11 0 0
Po 0 67857 31742 67857 31818 100 -1
De 1 0 11 0 0
Po 0 67829 31666 67857 31742 100 -1
De 1 0 11 0 0
Po 0 67800 31628 67829 31666 100 -1
De 1 0 11 0 0
Po 0 67743 31590 67800 31628 100 -1
De 1 0 11 0 0
Po 0 67600 31590 67743 31590 100 -1
De 1 0 11 0 0
Po 0 67543 31628 67600 31590 100 -1
De 1 0 11 0 0
Po 0 67514 31666 67543 31628 100 -1
De 1 0 11 0 0
Po 0 67315 31590 67058 32390 100 -1
De 1 0 11 0 0
Po 0 66915 31590 67315 31590 100 -1
De 1 0 11 0 0
Po 0 66686 32466 66657 32504 100 -1
De 1 0 11 0 0
Po 0 66714 32390 66686 32466 100 -1
De 1 0 11 0 0
Po 0 66714 32352 66714 32390 100 -1
De 1 0 11 0 0
Po 0 66115 32352 66086 32314 100 -1
De 1 0 11 0 0
Po 0 66172 32390 66115 32352 100 -1
De 1 0 11 0 0
Po 0 66315 32390 66172 32390 100 -1
De 1 0 11 0 0
Po 0 66372 32352 66315 32390 100 -1
De 1 0 11 0 0
Po 0 66401 32314 66372 32352 100 -1
De 1 0 11 0 0
Po 0 66429 32237 66401 32314 100 -1
De 1 0 11 0 0
Po 0 66429 32047 66429 32237 100 -1
De 1 0 11 0 0
Po 0 66401 31971 66429 32047 100 -1
De 1 0 11 0 0
Po 0 66372 31933 66401 31971 100 -1
De 1 0 11 0 0
Po 0 66315 31895 66372 31933 100 -1
De 1 0 11 0 0
Po 0 66172 31895 66315 31895 100 -1
De 1 0 11 0 0
Po 0 66115 31933 66172 31895 100 -1
De 1 0 11 0 0
Po 0 66086 31971 66115 31933 100 -1
De 1 0 11 0 0
Po 0 66115 31590 66086 31971 100 -1
De 1 0 11 0 0
Po 0 66401 31590 66115 31590 100 -1
De 1 0 11 0 0
Po 0 65515 32123 65887 32123 100 -1
De 1 0 11 0 0
Po 0 65658 31552 65515 32123 100 -1
De 1 0 11 0 0
Po 0 65801 31856 65801 32390 100 -1
De 1 0 11 0 0
Po 0 60450 37100 77050 37100 150 -1
De 1 0 12 0 0
Po 0 77050 37100 77050 49100 150 -1
De 1 0 12 0 0
Po 0 77050 49100 60350 49100 150 -1
De 1 0 12 0 0
Po 0 60350 49100 59150 49100 150 -1
De 1 0 12 0 0
Po 0 59150 49100 59150 37100 150 -1
De 1 0 12 0 0
Po 0 59150 37100 60450 37100 150 -1
De 1 0 12 0 0
Po 0 55500 30750 55500 35750 150 -1
De 1 0 12 0 0
Po 0 53000 33250 58000 33250 150 -1
De 1 0 12 0 0
Po 0 56749 33216 56750 33250 150 -1
De 1 0 12 0 0
Po 0 56718 32974 56749 33216 150 -1
De 1 0 12 0 0
Po 0 56641 32742 56718 32974 150 -1
De 1 0 12 0 0
Po 0 56521 32530 56641 32742 150 -1
De 1 0 12 0 0
Po 0 56362 32345 56521 32530 150 -1
De 1 0 12 0 0
Po 0 56169 32195 56362 32345 150 -1
De 1 0 12 0 0
Po 0 55952 32085 56169 32195 150 -1
De 1 0 12 0 0
Po 0 55717 32019 55952 32085 150 -1
De 1 0 12 0 0
Po 0 55474 32001 55717 32019 150 -1
De 1 0 12 0 0
Po 0 55232 32030 55474 32001 150 -1
De 1 0 12 0 0
Po 0 55000 32105 55232 32030 150 -1
De 1 0 12 0 0
Po 0 54787 32224 55000 32105 150 -1
De 1 0 12 0 0
Po 0 54601 32382 54787 32224 150 -1
De 1 0 12 0 0
Po 0 54450 32573 54601 32382 150 -1
De 1 0 12 0 0
Po 0 54338 32790 54450 32573 150 -1
De 1 0 12 0 0
Po 0 54271 33025 54338 32790 150 -1
De 1 0 12 0 0
Po 0 54251 33267 54271 33025 150 -1
De 1 0 12 0 0
Po 0 54278 33509 54251 33267 150 -1
De 1 0 12 0 0
Po 0 54352 33742 54278 33509 150 -1
De 1 0 12 0 0
Po 0 54469 33956 54352 33742 150 -1
De 1 0 12 0 0
Po 0 54626 34143 54469 33956 150 -1
De 1 0 12 0 0
Po 0 54816 34295 54626 34143 150 -1
De 1 0 12 0 0
Po 0 55032 34408 54816 34295 150 -1
De 1 0 12 0 0
Po 0 55266 34477 55032 34408 150 -1
De 1 0 12 0 0
Po 0 55508 34499 55266 34477 150 -1
De 1 0 12 0 0
Po 0 55751 34474 55508 34499 150 -1
De 1 0 12 0 0
Po 0 55984 34402 55751 34474 150 -1
De 1 0 12 0 0
Po 0 56198 34286 55984 34402 150 -1
De 1 0 12 0 0
Po 0 56386 34130 56198 34286 150 -1
De 1 0 12 0 0
Po 0 56541 33941 56386 34130 150 -1
De 1 0 12 0 0
Po 0 56655 33726 56541 33941 150 -1
De 1 0 12 0 0
Po 0 56726 33492 56655 33726 150 -1
De 1 0 12 0 0
Po 0 56750 33250 56726 33492 150 -1
De 1 0 12 0 0
Po 0 79750 47750 79750 52750 150 -1
De 1 0 12 0 0
Po 0 77250 50250 82250 50250 150 -1
De 1 0 12 0 0
Po 0 80999 50216 81000 50250 150 -1
De 1 0 12 0 0
Po 0 80968 49974 80999 50216 150 -1
De 1 0 12 0 0
Po 0 80891 49742 80968 49974 150 -1
De 1 0 12 0 0
Po 0 80771 49530 80891 49742 150 -1
De 1 0 12 0 0
Po 0 80612 49345 80771 49530 150 -1
De 1 0 12 0 0
Po 0 80419 49195 80612 49345 150 -1
De 1 0 12 0 0
Po 0 80202 49085 80419 49195 150 -1
De 1 0 12 0 0
Po 0 79967 49019 80202 49085 150 -1
De 1 0 12 0 0
Po 0 79724 49001 79967 49019 150 -1
De 1 0 12 0 0
Po 0 79482 49030 79724 49001 150 -1
De 1 0 12 0 0
Po 0 79250 49105 79482 49030 150 -1
De 1 0 12 0 0
Po 0 79037 49224 79250 49105 150 -1
De 1 0 12 0 0
Po 0 78851 49382 79037 49224 150 -1
De 1 0 12 0 0
Po 0 78700 49573 78851 49382 150 -1
De 1 0 12 0 0
Po 0 78588 49790 78700 49573 150 -1
De 1 0 12 0 0
Po 0 78521 50025 78588 49790 150 -1
De 1 0 12 0 0
Po 0 78501 50267 78521 50025 150 -1
De 1 0 12 0 0
Po 0 78528 50509 78501 50267 150 -1
De 1 0 12 0 0
Po 0 78602 50742 78528 50509 150 -1
De 1 0 12 0 0
Po 0 78719 50956 78602 50742 150 -1
De 1 0 12 0 0
Po 0 78876 51143 78719 50956 150 -1
De 1 0 12 0 0
Po 0 79066 51295 78876 51143 150 -1
De 1 0 12 0 0
Po 0 79282 51408 79066 51295 150 -1
De 1 0 12 0 0
Po 0 79516 51477 79282 51408 150 -1
De 1 0 12 0 0
Po 0 79758 51499 79516 51477 150 -1
De 1 0 12 0 0
Po 0 80001 51474 79758 51499 150 -1
De 1 0 12 0 0
Po 0 80234 51402 80001 51474 150 -1
De 1 0 12 0 0
Po 0 80448 51286 80234 51402 150 -1
De 1 0 12 0 0
Po 0 80636 51130 80448 51286 150 -1
De 1 0 12 0 0
Po 0 80791 50941 80636 51130 150 -1
De 1 0 12 0 0
Po 0 80905 50726 80791 50941 150 -1
De 1 0 12 0 0
Po 0 80976 50492 80905 50726 150 -1
De 1 0 12 0 0
Po 0 81000 50250 80976 50492 150 -1
De 1 0 12 0 0
Po 0 54651 37100 54881 37543 150 -1
De 1 0 12 0 0
Po 0 54651 37100 54421 37543 150 -1
De 1 0 12 0 0
Po 0 54651 49100 54881 48657 150 -1
De 1 0 12 0 0
Po 0 54651 49100 54421 48657 150 -1
De 1 0 12 0 0
Po 0 57950 49100 53281 49100 150 -1
De 1 0 12 0 0
Po 0 57950 37100 53281 37100 150 -1
De 1 0 12 0 0
Po 0 54651 37100 54651 49100 150 -1
De 1 0 12 0 0
Po 0 59000 32751 59443 32521 150 -1
De 1 0 12 0 0
Po 0 59000 32751 59443 32981 150 -1
De 1 0 12 0 0
Po 0 77000 32751 76557 32521 150 -1
De 1 0 12 0 0
Po 0 77000 32751 76557 32981 150 -1
De 1 0 12 0 0
Po 0 77000 36500 77000 31381 150 -1
De 1 0 12 0 0
Po 0 59000 36500 59000 31381 150 -1
De 1 0 12 0 0
Po 0 59000 32751 77000 32751 150 -1
De 1 0 12 0 0
Po 3 69989 44363 69989 44363 137 -1
De 15 0 13 0 0
Po 3 69989 44107 69989 44107 137 -1
De 15 0 13 0 0
Po 3 69989 43851 69989 43851 137 -1
De 15 0 13 0 0
Po 3 69989 43595 69989 43595 137 -1
De 15 0 13 0 0
Po 3 69989 43339 69989 43339 137 -1
De 15 0 13 0 0
Po 3 69989 43083 69989 43083 137 -1
De 15 0 13 0 0
Po 3 69989 42827 69989 42827 137 -1
De 15 0 13 0 0
Po 3 69989 42573 69989 42573 137 -1
De 15 0 13 0 0
Po 3 69989 42317 69989 42317 137 -1
De 15 0 13 0 0
Po 3 69989 42061 69989 42061 137 -1
De 15 0 13 0 0
Po 3 69989 41805 69989 41805 137 -1
De 15 0 13 0 0
Po 3 69989 41549 69989 41549 137 -1
De 15 0 13 0 0
Po 3 69989 41293 69989 41293 137 -1
De 15 0 13 0 0
Po 3 69989 41037 69989 41037 137 -1
De 15 0 13 0 0
Po 3 67111 41037 67111 41037 137 -1
De 15 0 13 0 0
Po 3 67111 41293 67111 41293 137 -1
De 15 0 13 0 0
Po 3 67111 41549 67111 41549 137 -1
De 15 0 13 0 0
Po 3 67111 41805 67111 41805 137 -1
De 15 0 13 0 0
Po 3 67111 42061 67111 42061 137 -1
De 15 0 13 0 0
Po 3 67111 42317 67111 42317 137 -1
De 15 0 13 0 0
Po 3 67111 42573 67111 42573 137 -1
De 15 0 13 0 0
Po 3 67111 42827 67111 42827 137 -1
De 15 0 13 0 0
Po 3 67111 43083 67111 43083 137 -1
De 15 0 13 0 0
Po 3 67111 43339 67111 43339 137 -1
De 15 0 13 0 0
Po 3 67111 43595 67111 43595 137 -1
De 15 0 13 0 0
Po 3 67111 43851 67111 43851 137 -1
De 15 0 13 0 0
Po 3 67111 44107 67111 44107 137 -1
De 15 0 13 0 0
Po 3 67111 44363 67111 44363 137 -1
De 15 0 13 0 0
Po 3 67750 47400 67750 47400 560 -1
De 15 0 14 0 0
Po 3 68750 47400 68750 47400 560 -1
De 15 0 14 0 0
Po 3 69750 47400 69750 47400 560 -1
De 15 0 14 0 0
Po 3 71537 44000 71537 44000 472 -1
De 15 0 15 0 0
Po 3 72363 44000 72363 44000 472 -1
De 15 0 15 0 0
Po 3 71537 43000 71537 43000 472 -1
De 15 0 15 0 0
Po 3 72363 43000 72363 43000 472 -1
De 15 0 15 0 0
Po 3 74650 45200 74650 45200 250 -1
De 15 0 16 0 0
Po 3 74050 45200 74050 45200 250 -1
De 15 0 16 0 0
Po 3 74625 46500 74625 46500 350 -1
De 15 0 17 0 0
Po 3 73875 46500 73875 46500 350 -1
De 15 0 17 0 0
Po 3 74625 47400 74625 47400 350 -1
De 15 0 17 0 0
Po 3 73875 47400 73875 47400 350 -1
De 15 0 17 0 0
Po 3 71425 45900 71425 45900 350 -1
De 15 0 17 0 0
Po 3 70675 45900 70675 45900 350 -1
De 15 0 17 0 0
Po 3 71425 45100 71425 45100 350 -1
De 15 0 17 0 0
Po 3 70675 45100 70675 45100 350 -1
De 15 0 17 0 0
Po 3 70750 47300 70750 47300 600 -1
De 15 0 18 0 0
Po 3 70750 41800 70750 41800 600 -1
De 15 0 18 0 0
Po 3 75087 42500 75087 42500 600 -1
De 15 0 18 0 0
Po 3 75087 41500 75087 41500 600 -1
De 15 0 18 0 0
Po 3 74300 41500 74300 41500 600 -1
De 15 0 18 0 0
Po 3 74300 42500 74300 42500 600 -1
De 15 0 18 0 0
Po 3 76150 39638 76150 39638 1063 -1
De 15 0 19 0 0
Po 3 76150 44362 76150 44362 1063 -1
De 15 0 19 0 0
Po 3 61750 44800 61750 44800 550 -1
De 15 0 20 0 0
Po 3 63650 38600 63650 38600 550 -1
De 15 0 20 0 0
Po 3 61750 40800 61750 40800 550 -1
De 15 0 21 0 0
Po 3 61750 41800 61750 41800 550 -1
De 15 0 21 0 0
Po 3 61750 42800 61750 42800 550 -1
De 15 0 21 0 0
Po 3 61750 43800 61750 43800 550 -1
De 15 0 21 0 0
Po 3 61650 38600 61650 38600 550 -1
De 15 0 21 0 0
Po 3 62650 38600 62650 38600 550 -1
De 15 0 21 0 0
Po 3 63850 43600 63850 43600 800 -1
De 15 0 22 0 0
Po 3 63750 41800 63750 41800 800 -1
De 15 0 22 0 0
Po 3 69450 45900 69450 45900 800 -1
De 15 0 22 0 0
Po 3 67750 45900 67750 45900 800 -1
De 15 0 22 0 0
Po 0 74650 40300 75087 40737 300 -1
De 1 0 23 0 0
Po 0 75087 40737 75087 41500 300 -1
De 1 0 23 0 0
Po 0 70150 40300 74650 40300 300 -1
De 1 0 23 0 0
Po 0 72250 45900 73550 44600 300 -1
De 1 0 23 0 0
Po 0 73550 44600 73550 43400 300 -1
De 1 0 23 0 0
Po 0 73550 43400 73150 43000 300 -1
De 1 0 23 0 0
Po 0 73150 43000 72363 43000 300 -1
De 1 0 23 0 0
Po 0 71425 45900 72250 45900 300 -1
De 1 0 23 0 0
Po 0 70700 43350 70650 43300 300 -1
De 1 0 23 0 0
Po 0 71350 44000 70700 43350 300 -1
De 1 0 23 0 0
Po 0 71537 44000 71350 44000 300 -1
De 1 0 23 0 0
Po 0 71950 45100 72363 44687 300 -1
De 1 0 23 0 0
Po 0 72363 44687 72363 44000 300 -1
De 1 0 23 0 0
Po 0 71425 45100 71950 45100 300 -1
De 1 0 23 0 0
Po 0 71050 43000 71537 43000 300 -1
De 1 0 23 0 0
Po 0 71050 43000 70850 42800 300 -1
De 1 0 23 0 0
Po 0 71350 41500 71250 41400 300 -1
De 1 0 23 0 0
Po 0 74300 41500 71350 41500 300 -1
De 1 0 23 0 0
Po 0 74850 45200 75087 44963 300 -1
De 1 0 23 0 0
Po 0 75087 44963 75087 42500 300 -1
De 1 0 23 0 0
Po 0 74650 45200 74850 45200 300 -1
De 1 0 23 0 0
Po 0 75087 46038 74625 46500 300 -1
De 1 0 23 0 0
Po 0 75087 44963 75087 46038 300 -1
De 1 0 23 0 0
Po 0 74625 47400 74625 46500 300 -1
De 1 0 23 0 0
Po 0 61750 43800 62650 43800 300 -1
De 1 0 23 0 0
Po 0 63150 44300 66050 44300 300 -1
De 1 0 23 0 0
Po 0 62650 43800 63150 44300 300 -1
De 1 0 23 0 0
Po 0 65350 42800 65850 43300 300 -1
De 1 0 23 0 0
Po 0 61750 42800 65350 42800 300 -1
De 1 0 23 0 0
Po 0 61750 45500 64750 48500 300 -1
De 1 0 23 0 0
Po 0 64750 48500 68450 48500 300 -1
De 1 0 23 0 0
Po 0 68450 48500 68750 48200 300 -1
De 1 0 23 0 0
Po 0 68750 48200 68750 47400 300 -1
De 1 0 23 0 0
Po 0 61750 44800 61750 45500 300 -1
De 1 0 23 0 0
Po 0 63750 41800 61750 41800 300 -1
De 1 0 23 0 0
Po 0 64050 43800 66150 43800 300 -1
De 1 0 23 0 0
Po 0 63850 43600 64050 43800 300 -1
De 1 0 23 0 0
Po 0 61750 40800 64550 40800 300 -1
De 1 0 23 0 0
Po 0 65550 41800 66250 41800 300 -1
De 1 0 23 0 0
Po 0 64550 40800 65550 41800 300 -1
De 1 0 23 0 0
Po 0 61650 38700 61650 38600 300 -1
De 1 0 23 0 0
Po 0 64650 40200 65750 41300 300 -1
De 1 0 23 0 0
Po 0 63150 40200 64650 40200 300 -1
De 1 0 23 0 0
Po 0 61650 38700 63150 40200 300 -1
De 1 0 23 0 0
Po 0 65950 40800 64550 39400 300 -1
De 1 0 23 0 0
Po 0 64550 39400 63450 39400 300 -1
De 1 0 23 0 0
Po 0 63450 39400 62650 38600 300 -1
De 1 0 23 0 0
Po 0 66350 40800 65950 40800 300 -1
De 1 0 23 0 0
Po 0 66050 38600 67950 40500 300 -1
De 1 0 23 0 0
Po 0 67950 40500 67950 41000 300 -1
De 1 0 23 0 0
Po 0 63650 38600 66050 38600 300 -1
De 1 0 23 0 0
Po 0 73750 45200 73550 45400 300 -1
De 1 0 23 0 0
Po 0 73550 45400 73550 46175 300 -1
De 1 0 23 0 0
Po 0 73550 46175 73875 46500 300 -1
De 1 0 23 0 0
Po 0 74050 45200 73750 45200 300 -1
De 1 0 23 0 0
Po 0 74050 42750 74300 42500 300 -1
De 1 0 23 0 0
Po 0 74050 45200 74050 42750 300 -1
De 1 0 23 0 0
Po 0 74117 42317 74300 42500 300 -1
De 1 0 23 0 0
Po 0 71033 42317 74117 42317 300 -1
De 1 0 23 0 0
Po 0 71275 46500 70675 45900 300 -1
De 1 0 23 0 0
Po 0 73875 46500 71275 46500 300 -1
De 1 0 23 0 0
Po 0 70675 45900 70675 45100 300 -1
De 1 0 23 0 0
Po 0 67750 45900 67750 47400 300 -1
De 1 0 23 0 0
Po 0 70675 45900 69450 45900 300 -1
De 1 0 23 0 0
Po 0 70750 47400 69750 47400 300 -1
De 1 0 23 0 0
Po 0 73875 47400 70750 47400 300 -1
De 1 0 23 0 0
Po 0 70750 47300 70750 47400 300 -1
De 1 0 23 0 0
Po 0 70750 47400 70750 47300 300 -1
De 1 0 23 0 0
Po 0 70750 47300 70750 47400 300 -1
De 1 0 23 0 0
Po 0 68750 44200 68750 47400 236 -1
De 1 0 24 0 0
Po 0 68250 43700 68150 43600 236 -1
De 1 0 24 0 0
Po 0 68750 44200 68250 43700 236 -1
De 1 0 24 0 0
Po 0 69989 43761 69989 43851 200 -1
De 1 0 25 0 0
Po 0 69989 43700 69989 43761 200 -1
De 1 0 25 0 0
Po 0 69989 43595 69989 43700 200 -1
De 1 0 25 0 0
Po 0 69450 43700 69250 43500 200 -1
De 1 0 25 0 0
Po 0 69250 42600 69250 41900 200 -1
De 1 0 25 0 0
Po 0 69250 43500 69250 42600 200 -1
De 1 0 25 0 0
Po 0 69250 41900 69345 41805 200 -1
De 1 0 25 0 0
Po 0 69345 41805 69989 41805 200 -1
De 1 0 25 0 0
Po 0 69989 43700 69450 43700 200 -1
De 1 0 25 0 0
Po 0 69250 42573 69250 42600 200 -1
De 1 0 25 0 0
Po 0 69277 42573 69250 42573 200 -1
De 1 0 25 0 0
Po 0 69989 42573 69277 42573 200 -1
De 1 0 25 0 0
Po 0 69023 42827 69277 42573 200 -1
De 1 0 25 0 0
Po 0 67111 42827 69023 42827 200 -1
De 1 0 25 0 0
Po 0 68745 48828 76778 48828 197 -1
De 1 0 26 0 0
Po 0 68765 48815 68745 48828 197 -1
De 1 0 26 0 0
Po 0 69062 48516 68765 48815 197 -1
De 1 0 26 0 0
Po 0 69065 48515 69062 48516 197 -1
De 1 0 26 0 0
Po 0 69122 48428 69065 48515 197 -1
De 1 0 26 0 0
Po 0 69161 48371 69122 48428 197 -1
De 1 0 26 0 0
Po 0 69195 48200 69161 48371 197 -1
De 1 0 26 0 0
Po 0 69195 48048 69195 48200 197 -1
De 1 0 26 0 0
Po 0 69228 48016 69195 48048 197 -1
De 1 0 26 0 0
Po 0 69250 47962 69228 48016 197 -1
De 1 0 26 0 0
Po 0 69272 48015 69250 47962 197 -1
De 1 0 26 0 0
Po 0 69430 48174 69272 48015 197 -1
De 1 0 26 0 0
Po 0 69638 48260 69430 48174 197 -1
De 1 0 26 0 0
Po 0 69862 48260 69638 48260 197 -1
De 1 0 26 0 0
Po 0 70069 48174 69862 48260 197 -1
De 1 0 26 0 0
Po 0 70228 48016 70069 48174 197 -1
De 1 0 26 0 0
Po 0 70298 47845 70228 48016 197 -1
De 1 0 26 0 0
Po 0 70514 47845 70298 47845 197 -1
De 1 0 26 0 0
Po 0 70632 47894 70514 47845 197 -1
De 1 0 26 0 0
Po 0 70868 47894 70632 47894 197 -1
De 1 0 26 0 0
Po 0 70986 47845 70868 47894 197 -1
De 1 0 26 0 0
Po 0 73454 47845 70986 47845 197 -1
De 1 0 26 0 0
Po 0 73533 47924 73454 47845 197 -1
De 1 0 26 0 0
Po 0 73641 47969 73533 47924 197 -1
De 1 0 26 0 0
Po 0 74108 47969 73641 47969 197 -1
De 1 0 26 0 0
Po 0 74216 47924 74108 47969 197 -1
De 1 0 26 0 0
Po 0 74249 47890 74216 47924 197 -1
De 1 0 26 0 0
Po 0 74283 47924 74249 47890 197 -1
De 1 0 26 0 0
Po 0 74391 47969 74283 47924 197 -1
De 1 0 26 0 0
Po 0 74858 47969 74391 47969 197 -1
De 1 0 26 0 0
Po 0 74966 47924 74858 47969 197 -1
De 1 0 26 0 0
Po 0 75049 47842 74966 47924 197 -1
De 1 0 26 0 0
Po 0 75094 47734 75049 47842 197 -1
De 1 0 26 0 0
Po 0 75094 47067 75094 47734 197 -1
De 1 0 26 0 0
Po 0 75049 46959 75094 47067 197 -1
De 1 0 26 0 0
Po 0 75040 46950 75049 46959 197 -1
De 1 0 26 0 0
Po 0 75049 46942 75040 46950 197 -1
De 1 0 26 0 0
Po 0 75094 46834 75049 46942 197 -1
De 1 0 26 0 0
Po 0 75094 46167 75094 46834 197 -1
De 1 0 26 0 0
Po 0 75049 46059 75094 46167 197 -1
De 1 0 26 0 0
Po 0 74967 45976 75049 46059 197 -1
De 1 0 26 0 0
Po 0 74859 45931 74967 45976 197 -1
De 1 0 26 0 0
Po 0 74392 45931 74859 45931 197 -1
De 1 0 26 0 0
Po 0 74284 45976 74392 45931 197 -1
De 1 0 26 0 0
Po 0 74250 46009 74284 45976 197 -1
De 1 0 26 0 0
Po 0 74217 45976 74250 46009 197 -1
De 1 0 26 0 0
Po 0 74109 45931 74217 45976 197 -1
De 1 0 26 0 0
Po 0 73995 45931 74109 45931 197 -1
De 1 0 26 0 0
Po 0 73995 45719 73995 45931 197 -1
De 1 0 26 0 0
Po 0 74233 45719 73995 45719 197 -1
De 1 0 26 0 0
Po 0 74341 45674 74233 45719 197 -1
De 1 0 26 0 0
Po 0 74349 45665 74341 45674 197 -1
De 1 0 26 0 0
Po 0 74358 45674 74349 45665 197 -1
De 1 0 26 0 0
Po 0 74466 45719 74358 45674 197 -1
De 1 0 26 0 0
Po 0 74833 45719 74466 45719 197 -1
De 1 0 26 0 0
Po 0 74941 45674 74833 45719 197 -1
De 1 0 26 0 0
Po 0 75024 45592 74941 45674 197 -1
De 1 0 26 0 0
Po 0 75069 45484 75024 45592 197 -1
De 1 0 26 0 0
Po 0 75069 44917 75069 45484 197 -1
De 1 0 26 0 0
Po 0 75024 44809 75069 44917 197 -1
De 1 0 26 0 0
Po 0 74942 44726 75024 44809 197 -1
De 1 0 26 0 0
Po 0 74834 44681 74942 44726 197 -1
De 1 0 26 0 0
Po 0 74495 44681 74834 44681 197 -1
De 1 0 26 0 0
Po 0 74495 43062 74495 44681 197 -1
De 1 0 26 0 0
Po 0 74636 43004 74495 43062 197 -1
De 1 0 26 0 0
Po 0 74693 42946 74636 43004 197 -1
De 1 0 26 0 0
Po 0 74750 43003 74693 42946 197 -1
De 1 0 26 0 0
Po 0 74969 43094 74750 43003 197 -1
De 1 0 26 0 0
Po 0 75205 43094 74969 43094 197 -1
De 1 0 26 0 0
Po 0 75423 43004 75205 43094 197 -1
De 1 0 26 0 0
Po 0 75590 42837 75423 43004 197 -1
De 1 0 26 0 0
Po 0 75681 42618 75590 42837 197 -1
De 1 0 26 0 0
Po 0 75681 42382 75681 42618 197 -1
De 1 0 26 0 0
Po 0 75591 42164 75681 42382 197 -1
De 1 0 26 0 0
Po 0 75426 42000 75591 42164 197 -1
De 1 0 26 0 0
Po 0 75590 41837 75426 42000 197 -1
De 1 0 26 0 0
Po 0 75681 41618 75590 41837 197 -1
De 1 0 26 0 0
Po 0 75681 41382 75681 41618 197 -1
De 1 0 26 0 0
Po 0 75591 41164 75681 41382 197 -1
De 1 0 26 0 0
Po 0 75532 41105 75591 41164 197 -1
De 1 0 26 0 0
Po 0 75532 40737 75532 41105 197 -1
De 1 0 26 0 0
Po 0 75498 40567 75532 40737 197 -1
De 1 0 26 0 0
Po 0 75402 40422 75498 40567 197 -1
De 1 0 26 0 0
Po 0 74965 39985 75402 40422 197 -1
De 1 0 26 0 0
Po 0 74820 39889 74965 39985 197 -1
De 1 0 26 0 0
Po 0 74650 39855 74820 39889 197 -1
De 1 0 26 0 0
Po 0 70150 39855 74650 39855 197 -1
De 1 0 26 0 0
Po 0 69980 39889 70150 39855 197 -1
De 1 0 26 0 0
Po 0 69835 39985 69980 39889 197 -1
De 1 0 26 0 0
Po 0 69739 40130 69835 39985 197 -1
De 1 0 26 0 0
Po 0 69711 40266 69739 40130 197 -1
De 1 0 26 0 0
Po 0 69670 40329 69711 40266 197 -1
De 1 0 26 0 0
Po 0 69644 40461 69670 40329 197 -1
De 1 0 26 0 0
Po 0 69644 40680 69644 40461 197 -1
De 1 0 26 0 0
Po 0 69548 40720 69644 40680 197 -1
De 1 0 26 0 0
Po 0 69465 40802 69548 40720 197 -1
De 1 0 26 0 0
Po 0 69420 40910 69465 40802 197 -1
De 1 0 26 0 0
Po 0 69420 41163 69420 40910 197 -1
De 1 0 26 0 0
Po 0 69420 41164 69420 41163 197 -1
De 1 0 26 0 0
Po 0 69420 41166 69420 41164 197 -1
De 1 0 26 0 0
Po 0 69420 41419 69420 41166 197 -1
De 1 0 26 0 0
Po 0 69420 41420 69420 41419 197 -1
De 1 0 26 0 0
Po 0 69420 41422 69420 41420 197 -1
De 1 0 26 0 0
Po 0 69420 41675 69420 41422 197 -1
De 1 0 26 0 0
Po 0 69420 41676 69420 41675 197 -1
De 1 0 26 0 0
Po 0 69420 41678 69420 41676 197 -1
De 1 0 26 0 0
Po 0 69420 41931 69420 41678 197 -1
De 1 0 26 0 0
Po 0 69420 41932 69420 41931 197 -1
De 1 0 26 0 0
Po 0 69420 41934 69420 41932 197 -1
De 1 0 26 0 0
Po 0 69420 42187 69420 41934 197 -1
De 1 0 26 0 0
Po 0 69420 42188 69420 42187 197 -1
De 1 0 26 0 0
Po 0 69420 42190 69420 42188 197 -1
De 1 0 26 0 0
Po 0 69420 42443 69420 42190 197 -1
De 1 0 26 0 0
Po 0 69420 42444 69420 42443 197 -1
De 1 0 26 0 0
Po 0 69420 42446 69420 42444 197 -1
De 1 0 26 0 0
Po 0 69420 42699 69420 42446 197 -1
De 1 0 26 0 0
Po 0 69420 42699 69420 42699 197 -1
De 1 0 26 0 0
Po 0 69420 42700 69420 42699 197 -1
De 1 0 26 0 0
Po 0 69420 42953 69420 42700 197 -1
De 1 0 26 0 0
Po 0 69420 42954 69420 42953 197 -1
De 1 0 26 0 0
Po 0 69420 42956 69420 42954 197 -1
De 1 0 26 0 0
Po 0 69420 43209 69420 42956 197 -1
De 1 0 26 0 0
Po 0 69420 43210 69420 43209 197 -1
De 1 0 26 0 0
Po 0 69420 43212 69420 43210 197 -1
De 1 0 26 0 0
Po 0 69420 43465 69420 43212 197 -1
De 1 0 26 0 0
Po 0 69420 43466 69420 43465 197 -1
De 1 0 26 0 0
Po 0 69420 43468 69420 43466 197 -1
De 1 0 26 0 0
Po 0 69420 43721 69420 43468 197 -1
De 1 0 26 0 0
Po 0 69420 43722 69420 43721 197 -1
De 1 0 26 0 0
Po 0 69420 43724 69420 43722 197 -1
De 1 0 26 0 0
Po 0 69420 43977 69420 43724 197 -1
De 1 0 26 0 0
Po 0 69420 43978 69420 43977 197 -1
De 1 0 26 0 0
Po 0 69420 43980 69420 43978 197 -1
De 1 0 26 0 0
Po 0 69420 44233 69420 43980 197 -1
De 1 0 26 0 0
Po 0 69420 44234 69420 44233 197 -1
De 1 0 26 0 0
Po 0 69420 44236 69420 44234 197 -1
De 1 0 26 0 0
Po 0 69420 44489 69420 44236 197 -1
De 1 0 26 0 0
Po 0 69465 44597 69420 44489 197 -1
De 1 0 26 0 0
Po 0 69547 44680 69465 44597 197 -1
De 1 0 26 0 0
Po 0 69655 44725 69547 44680 197 -1
De 1 0 26 0 0
Po 0 70223 44725 69655 44725 197 -1
De 1 0 26 0 0
Po 0 70206 44766 70223 44725 197 -1
De 1 0 26 0 0
Po 0 70206 45433 70206 44766 197 -1
De 1 0 26 0 0
Po 0 70215 45455 70206 45433 197 -1
De 1 0 26 0 0
Po 0 69987 45455 70215 45455 197 -1
De 1 0 26 0 0
Po 0 69844 45311 69987 45455 197 -1
De 1 0 26 0 0
Po 0 69588 45205 69844 45311 197 -1
De 1 0 26 0 0
Po 0 69312 45205 69588 45205 197 -1
De 1 0 26 0 0
Po 0 69163 45266 69312 45205 197 -1
De 1 0 26 0 0
Po 0 69163 44200 69163 45266 197 -1
De 1 0 26 0 0
Po 0 69132 44042 69163 44200 197 -1
De 1 0 26 0 0
Po 0 69042 43908 69132 44042 197 -1
De 1 0 26 0 0
Po 0 68542 43408 69042 43908 197 -1
De 1 0 26 0 0
Po 0 68502 43368 68542 43408 197 -1
De 1 0 26 0 0
Po 0 68494 43356 68502 43368 197 -1
De 1 0 26 0 0
Po 0 68481 43347 68494 43356 197 -1
De 1 0 26 0 0
Po 0 68442 43308 68481 43347 197 -1
De 1 0 26 0 0
Po 0 68308 43218 68442 43308 197 -1
De 1 0 26 0 0
Po 0 68150 43187 68308 43218 197 -1
De 1 0 26 0 0
Po 0 67992 43218 68150 43187 197 -1
De 1 0 26 0 0
Po 0 67944 43250 67992 43218 197 -1
De 1 0 26 0 0
Po 0 67680 43250 67944 43250 197 -1
De 1 0 26 0 0
Po 0 67680 43213 67680 43250 197 -1
De 1 0 26 0 0
Po 0 67679 43211 67680 43213 197 -1
De 1 0 26 0 0
Po 0 67680 43210 67679 43211 197 -1
De 1 0 26 0 0
Po 0 67680 42957 67680 43210 197 -1
De 1 0 26 0 0
Po 0 67679 42955 67680 42957 197 -1
De 1 0 26 0 0
Po 0 67680 42954 67679 42955 197 -1
De 1 0 26 0 0
Po 0 67680 42701 67680 42954 197 -1
De 1 0 26 0 0
Po 0 67679 42700 67680 42701 197 -1
De 1 0 26 0 0
Po 0 67680 42700 67679 42700 197 -1
De 1 0 26 0 0
Po 0 67680 42447 67680 42700 197 -1
De 1 0 26 0 0
Po 0 67679 42445 67680 42447 197 -1
De 1 0 26 0 0
Po 0 67680 42444 67679 42445 197 -1
De 1 0 26 0 0
Po 0 67680 42191 67680 42444 197 -1
De 1 0 26 0 0
Po 0 67679 42189 67680 42191 197 -1
De 1 0 26 0 0
Po 0 67680 42188 67679 42189 197 -1
De 1 0 26 0 0
Po 0 67680 41935 67680 42188 197 -1
De 1 0 26 0 0
Po 0 67679 41933 67680 41935 197 -1
De 1 0 26 0 0
Po 0 67680 41932 67679 41933 197 -1
De 1 0 26 0 0
Po 0 67680 41679 67680 41932 197 -1
De 1 0 26 0 0
Po 0 67679 41677 67680 41679 197 -1
De 1 0 26 0 0
Po 0 67680 41676 67679 41677 197 -1
De 1 0 26 0 0
Po 0 67680 41633 67680 41676 197 -1
De 1 0 26 0 0
Po 0 67789 41612 67680 41633 197 -1
De 1 0 26 0 0
Po 0 67901 41537 67789 41612 197 -1
De 1 0 26 0 0
Po 0 68003 41434 67901 41537 197 -1
De 1 0 26 0 0
Po 0 68120 41411 68003 41434 197 -1
De 1 0 26 0 0
Po 0 68265 41315 68120 41411 197 -1
De 1 0 26 0 0
Po 0 68361 41170 68265 41315 197 -1
De 1 0 26 0 0
Po 0 68395 41000 68361 41170 197 -1
De 1 0 26 0 0
Po 0 68395 40500 68395 41000 197 -1
De 1 0 26 0 0
Po 0 68361 40330 68395 40500 197 -1
De 1 0 26 0 0
Po 0 68265 40185 68361 40330 197 -1
De 1 0 26 0 0
Po 0 66657 38577 68265 40185 197 -1
De 1 0 26 0 0
Po 0 70437 38577 66657 38577 197 -1
De 1 0 26 0 0
Po 0 70437 37372 70437 38577 197 -1
De 1 0 26 0 0
Po 0 75316 37372 70437 37372 197 -1
De 1 0 26 0 0
Po 0 75316 37503 75316 37372 197 -1
De 1 0 26 0 0
Po 0 74973 37503 75316 37503 197 -1
De 1 0 26 0 0
Po 0 74973 38977 74973 37503 197 -1
De 1 0 26 0 0
Po 0 75643 38977 74973 38977 197 -1
De 1 0 26 0 0
Po 0 75450 39170 75643 38977 197 -1
De 1 0 26 0 0
Po 0 75324 39473 75450 39170 197 -1
De 1 0 26 0 0
Po 0 75324 39802 75324 39473 197 -1
De 1 0 26 0 0
Po 0 75450 40106 75324 39802 197 -1
De 1 0 26 0 0
Po 0 75682 40338 75450 40106 197 -1
De 1 0 26 0 0
Po 0 75985 40464 75682 40338 197 -1
De 1 0 26 0 0
Po 0 76314 40464 75985 40464 197 -1
De 1 0 26 0 0
Po 0 76618 40338 76314 40464 197 -1
De 1 0 26 0 0
Po 0 76778 40178 76618 40338 197 -1
De 1 0 26 0 0
Po 0 76778 43822 76778 40178 197 -1
De 1 0 26 0 0
Po 0 76618 43662 76778 43822 197 -1
De 1 0 26 0 0
Po 0 76315 43536 76618 43662 197 -1
De 1 0 26 0 0
Po 0 75986 43536 76315 43536 197 -1
De 1 0 26 0 0
Po 0 75682 43662 75986 43536 197 -1
De 1 0 26 0 0
Po 0 75450 43894 75682 43662 197 -1
De 1 0 26 0 0
Po 0 75324 44197 75450 43894 197 -1
De 1 0 26 0 0
Po 0 75324 44526 75324 44197 197 -1
De 1 0 26 0 0
Po 0 75450 44830 75324 44526 197 -1
De 1 0 26 0 0
Po 0 75682 45062 75450 44830 197 -1
De 1 0 26 0 0
Po 0 75985 45188 75682 45062 197 -1
De 1 0 26 0 0
Po 0 76314 45188 75985 45188 197 -1
De 1 0 26 0 0
Po 0 76618 45062 76314 45188 197 -1
De 1 0 26 0 0
Po 0 76778 44902 76618 45062 197 -1
De 1 0 26 0 0
Po 0 76778 48828 76778 44902 197 -1
De 1 0 26 0 0
Po 0 68831 48748 76778 48748 197 -1
De 1 0 26 0 0
Po 0 68988 48590 76778 48590 197 -1
De 1 0 26 0 0
Po 0 69119 48432 76778 48432 197 -1
De 1 0 26 0 0
Po 0 69180 48274 76778 48274 197 -1
De 1 0 26 0 0
Po 0 70127 48116 76778 48116 197 -1
De 1 0 26 0 0
Po 0 69195 48116 69372 48116 197 -1
De 1 0 26 0 0
Po 0 74884 47958 76778 47958 197 -1
De 1 0 26 0 0
Po 0 74134 47958 74364 47958 197 -1
De 1 0 26 0 0
Po 0 70251 47958 73614 47958 197 -1
De 1 0 26 0 0
Po 0 75066 47800 76778 47800 197 -1
De 1 0 26 0 0
Po 0 75094 47642 76778 47642 197 -1
De 1 0 26 0 0
Po 0 75094 47484 76778 47484 197 -1
De 1 0 26 0 0
Po 0 75094 47326 76778 47326 197 -1
De 1 0 26 0 0
Po 0 75094 47168 76778 47168 197 -1
De 1 0 26 0 0
Po 0 75071 47010 76778 47010 197 -1
De 1 0 26 0 0
Po 0 75086 46852 76778 46852 197 -1
De 1 0 26 0 0
Po 0 75094 46694 76778 46694 197 -1
De 1 0 26 0 0
Po 0 75094 46536 76778 46536 197 -1
De 1 0 26 0 0
Po 0 75094 46378 76778 46378 197 -1
De 1 0 26 0 0
Po 0 75094 46220 76778 46220 197 -1
De 1 0 26 0 0
Po 0 75051 46062 76778 46062 197 -1
De 1 0 26 0 0
Po 0 73995 45904 76778 45904 197 -1
De 1 0 26 0 0
Po 0 73995 45746 76778 45746 197 -1
De 1 0 26 0 0
Po 0 75025 45588 76778 45588 197 -1
De 1 0 26 0 0
Po 0 75069 45430 76778 45430 197 -1
De 1 0 26 0 0
Po 0 69963 45430 70206 45430 197 -1
De 1 0 26 0 0
Po 0 75069 45272 76778 45272 197 -1
De 1 0 26 0 0
Po 0 69750 45272 70206 45272 197 -1
De 1 0 26 0 0
Po 0 76492 45114 76778 45114 197 -1
De 1 0 26 0 0
Po 0 75069 45114 75807 45114 197 -1
De 1 0 26 0 0
Po 0 69163 45114 70206 45114 197 -1
De 1 0 26 0 0
Po 0 76724 44956 76778 44956 197 -1
De 1 0 26 0 0
Po 0 75069 44956 75576 44956 197 -1
De 1 0 26 0 0
Po 0 69163 44956 70206 44956 197 -1
De 1 0 26 0 0
Po 0 75014 44798 75436 44798 197 -1
De 1 0 26 0 0
Po 0 69163 44798 70206 44798 197 -1
De 1 0 26 0 0
Po 0 74495 44640 75371 44640 197 -1
De 1 0 26 0 0
Po 0 69163 44640 69507 44640 197 -1
De 1 0 26 0 0
Po 0 74495 44482 75324 44482 197 -1
De 1 0 26 0 0
Po 0 69163 44482 69420 44482 197 -1
De 1 0 26 0 0
Po 0 74495 44324 75324 44324 197 -1
De 1 0 26 0 0
Po 0 69163 44324 69420 44324 197 -1
De 1 0 26 0 0
Po 0 74495 44166 75337 44166 197 -1
De 1 0 26 0 0
Po 0 69157 44166 69420 44166 197 -1
De 1 0 26 0 0
Po 0 74495 44008 75403 44008 197 -1
De 1 0 26 0 0
Po 0 69110 44008 69420 44008 197 -1
De 1 0 26 0 0
Po 0 74495 43850 75494 43850 197 -1
De 1 0 26 0 0
Po 0 68984 43850 69420 43850 197 -1
De 1 0 26 0 0
Po 0 76648 43692 76778 43692 197 -1
De 1 0 26 0 0
Po 0 74495 43692 75652 43692 197 -1
De 1 0 26 0 0
Po 0 68826 43692 69420 43692 197 -1
De 1 0 26 0 0
Po 0 74495 43534 76778 43534 197 -1
De 1 0 26 0 0
Po 0 68668 43534 69420 43534 197 -1
De 1 0 26 0 0
Po 0 74495 43376 76778 43376 197 -1
De 1 0 26 0 0
Po 0 68510 43376 69420 43376 197 -1
De 1 0 26 0 0
Po 0 74495 43218 76778 43218 197 -1
De 1 0 26 0 0
Po 0 68308 43218 69420 43218 197 -1
De 1 0 26 0 0
Po 0 67680 43218 67992 43218 197 -1
De 1 0 26 0 0
Po 0 75287 43060 76778 43060 197 -1
De 1 0 26 0 0
Po 0 74499 43060 74887 43060 197 -1
De 1 0 26 0 0
Po 0 67680 43060 69420 43060 197 -1
De 1 0 26 0 0
Po 0 75525 42902 76778 42902 197 -1
De 1 0 26 0 0
Po 0 67680 42902 69420 42902 197 -1
De 1 0 26 0 0
Po 0 75628 42744 76778 42744 197 -1
De 1 0 26 0 0
Po 0 67680 42744 69420 42744 197 -1
De 1 0 26 0 0
Po 0 75681 42586 76778 42586 197 -1
De 1 0 26 0 0
Po 0 67680 42586 69420 42586 197 -1
De 1 0 26 0 0
Po 0 75681 42428 76778 42428 197 -1
De 1 0 26 0 0
Po 0 67680 42428 69420 42428 197 -1
De 1 0 26 0 0
Po 0 75635 42270 76778 42270 197 -1
De 1 0 26 0 0
Po 0 67680 42270 69420 42270 197 -1
De 1 0 26 0 0
Po 0 75539 42112 76778 42112 197 -1
De 1 0 26 0 0
Po 0 67680 42112 69420 42112 197 -1
De 1 0 26 0 0
Po 0 75472 41954 76778 41954 197 -1
De 1 0 26 0 0
Po 0 67680 41954 69420 41954 197 -1
De 1 0 26 0 0
Po 0 75607 41796 76778 41796 197 -1
De 1 0 26 0 0
Po 0 67680 41796 69420 41796 197 -1
De 1 0 26 0 0
Po 0 75672 41638 76778 41638 197 -1
De 1 0 26 0 0
Po 0 67680 41638 69420 41638 197 -1
De 1 0 26 0 0
Po 0 75681 41480 76778 41480 197 -1
De 1 0 26 0 0
Po 0 67957 41480 69420 41480 197 -1
De 1 0 26 0 0
Po 0 75657 41322 76778 41322 197 -1
De 1 0 26 0 0
Po 0 68254 41322 69420 41322 197 -1
De 1 0 26 0 0
Po 0 75591 41164 76778 41164 197 -1
De 1 0 26 0 0
Po 0 68362 41164 69420 41164 197 -1
De 1 0 26 0 0
Po 0 75532 41006 76778 41006 197 -1
De 1 0 26 0 0
Po 0 68393 41006 69420 41006 197 -1
De 1 0 26 0 0
Po 0 75532 40848 76778 40848 197 -1
De 1 0 26 0 0
Po 0 68395 40848 69446 40848 197 -1
De 1 0 26 0 0
Po 0 75523 40690 76778 40690 197 -1
De 1 0 26 0 0
Po 0 68395 40690 69620 40690 197 -1
De 1 0 26 0 0
Po 0 75475 40532 76778 40532 197 -1
De 1 0 26 0 0
Po 0 68395 40532 69644 40532 197 -1
De 1 0 26 0 0
Po 0 76531 40374 76778 40374 197 -1
De 1 0 26 0 0
Po 0 75354 40374 75768 40374 197 -1
De 1 0 26 0 0
Po 0 68370 40374 69662 40374 197 -1
De 1 0 26 0 0
Po 0 76740 40216 76778 40216 197 -1
De 1 0 26 0 0
Po 0 75196 40216 75560 40216 197 -1
De 1 0 26 0 0
Po 0 68286 40216 69722 40216 197 -1
De 1 0 26 0 0
Po 0 75038 40058 75430 40058 197 -1
De 1 0 26 0 0
Po 0 68138 40058 69787 40058 197 -1
De 1 0 26 0 0
Po 0 74837 39900 75364 39900 197 -1
De 1 0 26 0 0
Po 0 67980 39900 69964 39900 197 -1
De 1 0 26 0 0
Po 0 67822 39742 75324 39742 197 -1
De 1 0 26 0 0
Po 0 67664 39584 75324 39584 197 -1
De 1 0 26 0 0
Po 0 67506 39426 75344 39426 197 -1
De 1 0 26 0 0
Po 0 67348 39268 75410 39268 197 -1
De 1 0 26 0 0
Po 0 67190 39110 75510 39110 197 -1
De 1 0 26 0 0
Po 0 67032 38952 74973 38952 197 -1
De 1 0 26 0 0
Po 0 66874 38794 74973 38794 197 -1
De 1 0 26 0 0
Po 0 66716 38636 74973 38636 197 -1
De 1 0 26 0 0
Po 0 70437 38478 74973 38478 197 -1
De 1 0 26 0 0
Po 0 70437 38320 74973 38320 197 -1
De 1 0 26 0 0
Po 0 70437 38162 74973 38162 197 -1
De 1 0 26 0 0
Po 0 70437 38004 74973 38004 197 -1
De 1 0 26 0 0
Po 0 70437 37846 74973 37846 197 -1
De 1 0 26 0 0
Po 0 70437 37688 74973 37688 197 -1
De 1 0 26 0 0
Po 0 70437 37530 74973 37530 197 -1
De 1 0 26 0 0
Po 0 70437 37372 75316 37372 197 -1
De 1 0 26 0 0
$EndTRACK
$ZONE
$EndZONE
$EndBOARD
